16
27
34
111
123
124
127
202
207
273
475
476
482
595
602
640
663
672
695
725
744
745
750
755
757
758
761
762
765
768
801
840
844
1019
1072
1147
1181
1207
1399
1956
2099
5595
5879
9610
331
659
5970
7046
3630
3645
5290
6654
23533
367
387
958
1017
1027
1387
1869
3066
3082
3159
3265
3456
3458
3569
3659
3932
4088
4790
4843
5580
5590
5747
6590
6772
6777
7015
7040
7157
8772
10392
353376
598
604
808
868
1154
3560
3561
3562
3565
3594
3662
3726
4775
5600
6464
6688
6689
6778
6908
8660
8835
9655
53358
1445
2274
3683
5310
5829
7094
9564
643
1439
2064
3084
3572
3717
3791
4067
5058
5156
5336
5588
6387
7410
7852
10663
149233
1270
1271
1489
2690
3568
3581
3953
3977
5008
7297
9021
30837
53832
122809
1915
3837
4087
6625
7532
8021
8454
9459
9611
9972
51586
64750
1616
2256
3091
3727
4089
4205
4654
5439
8932
51564
64210
65123
290
3164
3553
3596
4094
6356
6662
8202
63928
355
1676
3315
8737
8837
1973
3398
3688
4084
4149
4318
5159
5300
5757
6352
6875
7709
8312
9063
10608
405
572
599
836
1437
1870
2810
3908
3912
4170
4194
5111
5499
7027
7531
8658
10018
10971
4193
6749
7048
7319
7341
7528
11200
1500
4216
5603
5608
50488
58
1000
2248
2250
2258
2259
2324
4233
4734
6383
6456
8074
10818
4261
4800
6597
8625
2045
4301
4352
7066
890
898
2177
2547
3014
3838
3978
4361
4683
5241
5591
5932
7334
8900
9025
10111
4436
5347
8243
9126
9156
9700
10735
3913
4485
3684
4486
4893
5520
5894
3678
4582
8826
10672
117248
490
2944
3312
3950
4208
4602
8945
9125
9612
10043
10155
10514
4609
998
4613
4914
5243
3554
3556
3557
3654
3663
3665
4615
4804
7098
7100
7132
7189
8567
8797
9448
10333
11213
51311
54472
148022
23564
151648
23566
369
823
5315
5876
5900
7337
7791
9869
10657
10691
22800
51497
94104
387082
4791
6156
292
4792
5465
5966
7128
8874
23085
26270
4853
5663
9253
9794
55534
55851
84441
182
1840
4086
4854
5045
5664
6868
11317
23385
28514
54567
1856
2535
3516
4242
4855
8650
51107
55038
80319
113878
151636
4909
11059
55040
89
4915
8655
57498
1052
2068
2071
2960
3836
5079
6880
6882
8086
8480
9688
10762
23165
129401
5108
22897
22994
208
3190
3694
4776
5170
5566
6197
6258
6945
7812
7837
8853
55616
57761
1576
1958
6717
27122
30834
940
2059
5291
5293
5296
5881
10006
23368
59345
1831
1975
2042
2047
4760
5292
5610
6470
6663
6885
8290
8550
10856
58533
127933
5294
7412
8471
10000
317
578
581
596
3097
4998
5366
5457
7704
8739
10017
2130
5460
6657
1454
1639
5116
5518
7840
7846
9702
9738
9793
10142
10382
10733
11116
22981
54820
55142
79959
80321
6095
112399
567
811
917
919
920
3123
5551
6776
9402
2597
5584
5607
10152
50855
56288
3221
3481
3485
5728
6093
7332
284217
1291
1435
3371
3679
3682
3685
3693
5771
7448
8515
8516
5562
5888
5889
729475
5925
5987
8575
4793
162
472
545
900
5536
5884
6794
7011
7014
7299
7486
7507
8445
9344
9521
11171
51347
6016
8452
57154
328
1643
2067
2958
2963
2968
5424
5436
5985
6117
6883
8914
9212
29935
51236
54962
57804
63967
84126
356
4215
4293
4294
4296
5609
6416
8717
10221
1080
2475
2887
5594
6446
6602
8662
8668
8669
9351
64223
79109
253260
2246
2261
6455
8867
10015
1026
1028
1163
2305
5201
5685
5687
5692
5693
5708
5716
5717
6500
6502
6555
6886
6929
9134
9690
9861
9978
10393
27124
51343
51433
51434
86
6598
6605
156
5899
6608
8643
10048
10499
27148
2688
6774
51561
2100
2195
2175
2176
2187
2188
29089
2207
6850
28988
150372
9322
166
1045
1452
1487
1499
6195
6514
6714
6927
6928
7088
8313
8321
1488
2353
3815
4435
6934
8607
10642
57167
59343
83481
284
285
660
1998
2242
2335
2885
2886
5781
7010
10399
25759
26291
55715
1440
3077
3170
3486
3624
7018
7037
11337
23677
10318
152137
910
55824
7133
7186
7295
8439
8743
9099
9513
10010
23139
56893
60489
80125
329
330
608
2906
5602
7187
8764
8784
9020
9641
10758
10913
23636
55504
55593
80342
7188
7293
7874
8792
23495
407977
7249
9261
54461
64798
821
2768
7253
7422
154
397
4478
4771
5576
6385
6709
7430
57147
1654
2077
4927
5245
5597
5903
6606
6628
6632
6636
7514
8487
9263
9631
10073
10541
11097
11218
29894
51808
79760
79833
348995
1901
5175
7525
29760
6839
540
7572
8813
9734
27033
29924
54919
81576
10403
894
1874
3329
5308
6595
7280
8295
10498
10524
11331
55257
57634
57678
7855
5525
9968
23043
25898
1111
8451
100
1289
1959
3182
3861
8626
9133
9540
11047
23541
27113
132671
51
336
1374
2168
5915
7080
8648
8856
10011
59
90
91
93
94
269
4090
8200
9392
9482
9604
10477
23551
79674
83729
284086
3590
3597
8651
9180
23048
25913
1786
2146
3021
8726
121536
151888
8600
841
842
3551
7336
8767
8915
58484
84270
1742
9175
10051
55143
3895
11140
9656
57646
5905
5928
6613
7181
8338
8819
9759
10284
25855
26512
51588
5140
8115
54386
60561
1781
5885
8481
9985
10274
10744
27127
85417
113130
10320
64375
55728
3192
8463
10413
23559
10892
1438
3570
3575
8503
23624
64109
163702
1602
3054
3064
5947
5971
6497
7050
8379
8473
25942
57169
112597
63970
1407
2444
7117
8798
10848
29110
29118
50615
999
2668
2674
5337
10972
2736
3178
5338
5696
8649
8986
23309
25897
51222
51684
55670
58526
92595
169792
22832
54880
63893
131034
55120
91442
5718
10213
10891
23462
55294
84894
144347
197131
253714
8666
8667
10480
58528
324
2874
5529
6907
7376
7464
8349
8361
8370
8841
10023
10297
23013
23499
79718
5578
5579
5581
7535
8517
9948
10044
84433
150
526
639
3439
6310
6732
9149
9815
126961
8661
673
8844
25780
675
728
10362
56946
146845
2157
2158
2244
4035
5327
248
552
637
837
843
1977
1981
1982
5430
5725
8672
9191
51283
55749
58155
162989
407
861
2000
3071
6901
7994
113
610
862
3397
6925
51225
51729
55869
79173
867
10922
374
896
984
84232
259230
8161
9088
974
9467
8394
993
1021
4105
4188
7314
7706
51203
55796
92
7049
8646
10220
151449
1029
4174
5824
8318
9265
9338
50807
79026
1030
8518
8554
10094
1050
4488
23054
468
1053
1054
1536
1649
1849
1850
2005
2354
4689
8301
27035
51171
79892
653361
142
3611
8803
9555
23090
54840
1655
9874
10397
1736
6745
11313
1788
4152
990
1018
1871
6241
7030
7298
23429
1949
2048
2904
3897
4690
2065
51100
1161
2072
2073
2074
2255
2965
2967
3831
5435
6118
6917
9043
10671
56949
2113
4638
2120
3009
26013
2122
3337
158800
2178
2189
3880
5660
7517
9146
9189
83878
149371
2252
5335
2257
2043
2263
27006
2290
2308
5105
53944
2309
4303
114907
2078
2313
2623
4093
6722
10661
51567
2321
6457
2322
4211
5782
1942
2534
3043
2624
6256
161882
2114
2625
3567
3586
4004
5469
23414
282618
656
1456
2735
5613
6422
6425
6615
7472
7481
7482
7483
7484
8326
23291
51384
54361
122011
353500
2737
5567
6423
7480
7546
7547
929
2149
9138
9266
10564
10565
2932
4137
148327
1105
2186
3020
5540
5577
5601
5931
9918
11198
23512
84875
3065
23028
3205
5087
5089
7205
3320
22995
84131
3326
7182
26973
90627
114548
817
818
3308
3441
3444
3446
3448
3452
3459
3460
9064
134728
2152
3589
3606
3929
9235
94235
3206
25884
